
# initial database
1, aa, 9.8, 4
100, 99
101, 98
102, 97
103, 96
104, 67
2, ab, 9.8,2
200, 99
200,78

2, ac, 5.9, 2
3, ac, 9.8, 1
300,98
4,ad,9.8,4
400,98
100,90
401,97
200,99
# modify student
1,100,100
1,10
2,9.7
4
# add course
1,100,
1,104,90
1,104,98
2,202,90
10,899,99
# modify course
1,2,3,4,5
1,100,100
1,101,100
1,103,100











1,999,100
2,200,98
4,400,10
4,100,99
4,200,200
# delete course
1,2,3,4
1,100
1,102
1,103
3,300//segmentation fault
4,100
4,400
4,200
# delete student
5,6,7,8
3,
1,
4,
# add course
3,500,47
3,600,56
# delete course
3,600
# add student
5,hero,8.7,4

6,gf,6.7,2









